CURRENT SAVED GAME FILE


# save the current time AND mistakes here ↓↓↓
00:01
1

# save the array here ↓↓↓
[
  [
    1,
    9,
    8,
    2,
    7,
    5,
    3,
    6,
    4
  ],
  [
    3,
    7,
    4,
    0,
    1,
    6,
    2,
    5,
    0
  ],
  [
    6,
    5,
    2,
    9,
    0,
    4,
    1,
    7,
    8
  ],
  [
    5,
    8,
    1,
    4,
    0,
    2,
    0,
    3,
    7
  ],
  [
    0,
    2,
    3,
    0,
    0,
    1,
    0,
    4,
    0
  ],
  [
    9,
    0,
    6,
    3,
    5,
    0,
    0,
    0,
    0
  ],
  [
    2,
    1,
    0,
    5,
    6,
    0,
    4,
    9,
    3
  ],
  [
    8,
    6,
    9,
    7,
    4,
    3,
    5,
    1,
    2
  ],
  [
    0,
    3,
    5,
    1,
    2,
    0,
    7,
    8,
    6
  ]
]